NAME: GA-2016-03-16
TIME: 2016-03-16 16:29:28
RANGE: [-10,00;10,00]
GENES: 10
POPULATION: 10
GENERATIONS: 100
PROB. CROSSOVER: 0,500000
PROB. MUTATION: 0,001000
INDIVIDUAL: IndividualReal
CROSSOVER: CrossoverOnePoint
MUTATION: MutationPerChromosome
SELECTION: SelectionTournament
FITNESS: FitnessParable

GENERATION	AVERAGE	ONLINE	ELITE	OFFLINE
1	24,662116386645764	24,662116386645764	1,263701244781561	1,263701244781561
2	2,114360901609035	13,388238644127400	1,053482512190299	1,158591878485930
3	1,116548131967678	9,297675140074160	1,053482512190299	1,123555423054053
4	1,053482512190300	7,236626983103195	1,053482512190299	1,106037195338115
5	1,053482512190300	5,999998088920616	1,053482512190299	1,095526258708552
6	1,053482512190300	5,175578826132230	1,053482512190299	1,088518967622177
7	1,061661931967487	4,587876412680124	1,053482512190299	1,083513759703337
8	1,053482512190300	4,146077175118895	1,053482512190299	1,079759853764207
9	1,053482512190300	3,802455545904607	1,053482512190299	1,076840149144884
10	1,053482512190300	3,527558242533176	1,053482512190299	1,074504385449426
11	0,999054971243035	3,297694308779527	0,509207102717650	1,023113723382901
12	0,726917266506709	3,083462888590125	0,509207102717650	0,980288171660796
13	0,509207102717650	2,885443212753782	0,509207102717650	0,944051166357477
14	0,509207102717650	2,715712062036915	0,509207102717650	0,912990876097490
15	0,509207102717650	2,568611731415631	0,509207102717650	0,886071957872167
16	0,509207102717650	2,439898942122007	0,509207102717650	0,862517904425010
17	0,509207102717650	2,326328833921751	0,509207102717650	0,841734916089283
18	0,509207102717650	2,225377626632635	0,509207102717650	0,823261148679747
19	0,509207102717650	2,135052862216057	0,509207102717650	0,806731988365953
20	0,509207102717650	2,053760574241136	0,509207102717650	0,791855744083538
21	0,509207102717650	1,980210408930494	0,509207102717650	0,778396284970876
22	0,509207102717650	1,913346622284456	0,509207102717650	0,766160413050275
23	0,509207102717650	1,852297077955465	0,509207102717650	0,754988529992335
24	0,509207102717650	1,796334995653889	0,509207102717650	0,744747637189223
25	0,509207102717650	1,744849879936440	0,509207102717650	0,735326015810360
26	0,509207102717650	1,697325157735717	0,509207102717650	0,726629134537564
27	0,509207102717650	1,653320785327641	0,509207102717650	0,718576466692382
28	0,509207102717650	1,612459582377284	0,509207102717650	0,711098989407570
29	0,509207102717650	1,574416393423504	0,509207102717650	0,704137200211366
30	0,509207102717650	1,538909417066642	0,509207102717650	0,697639530294908
31	0,509207102717650	1,505693213377965	0,509207102717650	0,691561064889190
32	0,533974691575675	1,475327009571643	0,509207102717650	0,685862503571330
33	0,509207102717650	1,446050648757886	0,509207102717650	0,680509309606067
34	0,509207102717650	1,418496426815526	0,509207102717650	0,675471009403466
35	0,509207102717650	1,392516731841301	0,509207102717650	0,670720612069586
36	0,509207102717650	1,367980353254533	0,509207102717650	0,666234125698698
37	0,509207102717650	1,344770265402185	0,509207102717650	0,661990152104616
38	0,509207102717650	1,322781761121013	0,509207102717650	0,657969545541801
39	0,509207102717650	1,301920872444004	0,509207102717650	0,654155123930926
40	0,509207102717650	1,282103028200845	0,509207102717650	0,650531423400594
41	0,498657944500343	1,262994611525223	0,403715520544581	0,644511523330935
42	0,435362995196501	1,243289096850730	0,403715520544581	0,638778285169355
43	0,403715520544581	1,223764129959889	0,403715520544581	0,633311709247848
44	0,403715520544581	1,205126661564087	0,403715520544581	0,628093614050047
45	0,403715520544581	1,187317525096987	0,403715520544581	0,623107434194370
46	0,403715520544581	1,170282698911065	0,403715520544581	0,618338044767200
47	0,403715520544581	1,153972758945820	0,403715520544581	0,613771608081613
48	0,403715520544581	1,138342399812461	0,403715520544581	0,609395439591258
49	0,403715520544581	1,123350014521280	0,403715520544581	0,605197890222958
50	0,403715520544581	1,108957324641746	0,403715520544581	0,601168242829391
51	0,403715520544581	1,095129053973174	0,403715520544581	0,597296620823806
52	0,522355328901540	1,084114174644873	0,403715520544581	0,593573907356898
53	0,403715520544581	1,071276464190151	0,403715520544581	0,589991673643458
54	0,363353523887058	1,058166780110464	0,000095553969360	0,579067671427271
55	0,201905537256970	1,042598393876764	0,000095553969360	0,568540905655309
56	0,000095553969360	1,023982271735560	0,000095553969360	0,558390095803774
57	0,000095553969360	1,006019346862469	0,000095553969360	0,548595454718960
58	0,000095553969360	0,988675833191898	0,000095553969360	0,539138559878450
59	0,000095553969360	0,971920235238974	0,000095553969360	0,530002237744397
60	0,000095553969360	0,955723157217814	0,000095553969360	0,521170459681480
61	0,000095553969360	0,940057130935052	0,000095553969360	0,512628248112429
62	0,631210410796070	0,935075732223133	0,000095553969360	0,504361591755283
63	0,000095553969360	0,920234777012756	0,000095553969360	0,496357368933284
64	0,000095553969360	0,905857601652703	0,000095553969360	0,488603278074472
65	0,000095553969360	0,891922800919113	0,000095553969360	0,481087774626701
66	0,000095553969360	0,878410266874420	0,000095553969360	0,473800013707651
67	0,000095553969360	0,865301092054941	0,000095553969360	0,466729797890661
68	0,000095553969360	0,852577481200741	0,000095553969360	0,459867529597701
69	0,000095553969360	0,840222670661156	0,000095553969360	0,453204167632073
70	0,000095553969360	0,828220854708416	0,000095553969360	0,446731187436891
71	0,000095553969360	0,816557118078289	0,000095553969360	0,440440544711996
72	0,000095553969360	0,805217374132331	0,000095553969360	0,434324642062793
73	0,000095553969360	0,794188308102701	0,000095553969360	0,428376298390280
74	0,000095553969360	0,783457324938737	0,000095553969360	0,422588720762971
75	0,000095553969360	0,773012501325812	0,000095553969360	0,416955478539056
76	0,000095553969360	0,762842541492175	0,000095553969360	0,411470479531560
77	0,000095553969360	0,752936736459411	0,000095553969360	0,406127948030752
78	0,040457550626882	0,743802387923096	0,000095553969360	0,400922404517144
79	10,000085998572423	0,860970534893341	0,000095553969360	0,395848646915274
80	0,000095553969360	0,850209597631791	0,000095553969360	0,390901733253450
81	0,631210410796070	0,847505903967153	0,000095553969360	0,386076965607967
82	0,000095553969360	0,837171631406204	0,000095553969360	0,381369875222131
83	0,000095553969360	0,827086377461182	0,000095553969360	0,376776208701013
84	0,000095553969360	0,817241248610089	0,000095553969360	0,372291915192303
85	0,000095553969360	0,807627769849610	0,000095553969360	0,367913134472033
86	0,000095553969360	0,798237860362630	0,000095553969360	0,363636185861536
87	0,000095553969360	0,789063810863857	0,000095553969360	0,359457557908753
88	0,000095553969360	0,780098262490056	0,000095553969360	0,355373898773078
89	0,000095553969360	0,771334187113419	0,000095553969360	0,351382007258429
90	0,000095553969360	0,762764868967373	0,000095553969360	0,347478824444106
91	0,000095553969360	0,754383887483879	0,000095553969360	0,343661425867461
92	0,000095553969360	0,746185101250025	0,000095553969360	0,339927014216395
93	0,040457550626882	0,738596632963755	0,000095553969360	0,336272912493308
94	0,000095553969360	0,730740238506368	0,000095553969360	0,332696557615394
95	0,000095553969360	0,723049241827031	0,000095553969360	0,329195494419120
96	0,000095553969360	0,715518474245180	0,000095553969360	0,325767370039435
97	0,000095553969360	0,708142980221718	0,000095553969360	0,322409928636650
98	0,000095553969360	0,700918006484449	0,000095553969360	0,319121006446168
99	0,000095553969360	0,693838991812580	0,000095553969360	0,315898527128220
100	0,000095553969360	0,686901557434147	0,000095553969360	0,312740497396632
101	0,000095553969360	0,680101497993902	0,000095553969360	0,309645002907253
