TIME: 2013-12-01 18:54:19
RANGE: [-10,00;10,00]
GENES: 10
POPULATION: 10
GENERATIONS: 100
PROB. CROSSOVER: 0,500000
PROB. MUTATION: 0,001000
INDIVIDUAL: IndividualReal
CROSSOVER: CrossoverOnePoint
MUTATION: MutationPerChromosome
SELECTION: SelectionRoulette
FITNESS: FitnessParable

GENERATION	AVERAGE	OFFLINE	ONLINE	ELITE
1	13,133721091340993	2,236822868740380	13,133721091340993	0,216350754919533
2	9,302389135895897	2,753578735037443	11,218055113618444	0,177125818892503
3	6,755073199118227	2,949528074870995	9,730394475451705	0,145871996374452
4	5,379554699391990	3,047502744787771	8,642684531436776	0,126378425302506
5	4,137964643120258	3,106287546737836	7,741740553773473	0,110041452456492
6	3,907870684902187	3,145477414704546	7,102762242294925	0,106000832706644
7	3,927440137827046	3,133501317211469	6,649144798799513	0,112714739622130
8	3,285470350081079	3,124519244091660	6,228685492709709	0,105435825627514
9	3,313448552309588	3,117533187220698	5,904770277109695	0,106157140256954
10	3,313448552309588	3,111944341723928	5,645638104629684	0,106157140256954
11	7,676060577394415	3,132806379252489	5,830221965790115	0,109998433116248
12	3,341426754538097	3,150191410526290	5,622822364852446	0,100000000000000
13	3,341426754538097	3,164901821604121	5,447330394828265	0,100000000000000
14	3,341426754538097	3,177510745385120	5,296908706236110	0,100000000000000
15	3,341426754538097	3,188438479328652	5,166543242789575	0,100000000000000
16	3,341426754538097	3,198000246529242	5,052473462273857	0,100000000000000
17	3,341426754538097	3,206437099941528	4,951823655936459	0,100000000000000
18	3,341426754538097	3,213936525196893	4,862357161414328	0,100000000000000
19	3,341426754538097	3,220646537267482	4,782308192631368	0,100000000000000
20	3,341426754538097	3,226685548131013	4,710264120726704	0,100000000000000
21	3,341426754538097	3,232149415102779	4,645081389003437	0,100000000000000
22	3,341426754538097	3,237116566895293	4,585824360164103	0,100000000000000
23	3,341426754538097	3,241651792444980	4,531720116441233	0,100000000000000
24	3,341426754538097	3,245809082532193	4,482124559695269	0,100000000000000
25	3,341426754538097	3,249633789412429	4,436496647488982	0,100000000000000
26	3,341426754538097	3,253164288071108	4,394378574683178	0,100000000000000
27	3,341426754538097	3,256433268310626	4,355380359122249	0,100000000000000
28	3,341426754538097	3,259468749961607	4,319167730387100	0,100000000000000
29	3,341426754538097	3,262294888050451	4,285452524323341	0,100000000000000
30	3,341426754538097	3,264932616933372	4,253984998663833	0,100000000000000
31	3,341426754538097	3,267400169759331	4,224547635950100	0,100000000000000
32	3,341426754538097	3,269713500533667	4,196950108405975	0,100000000000000
33	3,341426754538097	3,271886629442892	4,171025158288767	0,100000000000000
34	3,341426754538097	3,273931927239810	4,146625205237277	0,100000000000000
35	3,341426754538097	3,275860350876904	4,123619535217300	0,100000000000000
36	3,341426754538097	3,277681639867492	4,101891957976211	0,100000000000000
37	3,341426754538097	3,279404480804535	4,081338844369777	0,100000000000000
38	3,341426754538097	3,281036645902787	4,061867473584733	0,100000000000000
39	3,341426754538097	3,282585110226769	4,043394634634819	0,100000000000000
40	3,341426754538097	3,284056151334553	4,025845437632401	0,100000000000000
41	3,341426754538097	3,285455434339518	4,009152299020345	0,100000000000000
42	3,341426754538097	3,286788084820436	3,993254071770768	0,100000000000000
43	3,341426754538097	3,288058751558056	3,978095296951404	0,100000000000000
44	3,341426754538097	3,289271660716694	3,963625557351101	0,100000000000000
45	3,341426754538097	3,290430662801614	3,949798917288590	0,100000000000000
46	3,341426754538097	3,291539273491538	3,936573435489667	0,100000000000000
47	3,341426754538097	3,292600709258486	3,923910740150272	0,100000000000000
48	3,341426754538097	3,293617918535145	3,911775657116685	0,100000000000000
49	3,341426754538097	3,294593609065817	3,900135883594673	0,100000000000000
50	3,341426754538097	3,295530271975263	3,888961701013542	0,100000000000000
51	3,341426754538097	3,296430203005907	3,878225721670886	0,100000000000000
52	3,341426754538097	3,297295521304603	3,867902664610640	0,100000000000000
53	3,341426754538097	3,298128186082594	3,857969156873423	0,100000000000000
54	3,341426754538097	3,298930011424363	3,848403556830176	0,100000000000000
55	3,341426754538097	3,299702679480976	3,839185796788502	0,100000000000000
56	3,341426754538097	3,300447752249853	3,830297242462602	0,100000000000000
57	3,341426754538097	3,301166682114560	3,821720567235857	0,100000000000000
58	3,341426754538097	3,301860821294276	3,813439639430723	0,100000000000000
59	3,341426754538097	3,302531430332307	3,805439421042713	0,100000000000000
60	3,609283641447108	3,303179685735737	3,802170158049453	0,103966993235082
61	3,341426754538097	3,303806686863644	3,794616987500086	0,100000000000000
62	3,341426754538097	3,304413462148717	3,787307467613603	0,100000000000000
63	3,341426754538097	3,305000974726326	3,780229995977484	0,100000000000000
64	3,341426754538097	3,305570127535885	3,773373695329993	0,100000000000000
65	3,040546415818387	3,259832485071348	3,762099429491354	0,265773915200213
66	2,739666077098677	3,215480831772403	3,746608015061162	0,224434582483900
67	2,438785738378965	3,172453108422681	3,727088279588293	0,194224306824055
68	1,235264383500123	3,130690906347950	3,690443810528173	0,126248829814696
69	0,332623367340990	3,090139202884082	3,641779746134156	0,100000000000000
70	0,332623367340990	3,050746119519181	3,594506083579968	0,100000000000000
71	0,332623367340990	3,012462700474417	3,548564073492095	0,100000000000000
72	0,332623367340990	2,975242709736453	3,503898230351108	0,100000000000000
73	0,332623367340990	2,939042444772132	3,460456108940010	0,100000000000000
74	0,332623367340990	2,903820565347387	3,418188098918402	0,100000000000000
75	0,332623367340990	2,869537936040635	3,377047235830703	0,100000000000000
76	0,332623367340990	2,836157481189324	3,336989027034786	0,100000000000000
77	0,332623367340990	2,803644051139346	3,297971291194607	0,100000000000000
78	0,332623367340990	2,771964298782957	3,259954010119561	0,100000000000000
79	0,332623367340990	2,741086565473565	3,222899191856541	0,100000000000000
80	0,332623367340990	2,710980775496908	3,186770744050097	0,100000000000000
81	0,332623367340990	2,681618338359181	3,151534356683318	0,100000000000000
82	0,332623367340990	2,652972058224813	3,117157393398656	0,100000000000000
83	0,332623367340990	2,625016049900911	3,083608790675069	0,100000000000000
84	0,332623367340990	2,597725660822817	3,050858964206806	0,100000000000000
85	0,332623367340990	2,571077398546561	3,018879721890738	0,100000000000000
86	0,332623367340990	2,545048863299984	2,987644182884345	0,100000000000000
87	0,332623367340990	2,519618685185513	2,957126702245916	0,100000000000000
88	0,332623367340990	2,494766465664553	2,927302800712906	0,100000000000000
89	0,332623367340990	2,470472722986760	2,898149099214345	0,100000000000000
90	0,332623367340990	2,446718841257363	2,869643257749086	0,100000000000000
91	0,332623367340990	2,423487022862677	2,841763918294052	0,100000000000000
92	0,332623367340990	2,400760243998311	2,814490651435867	0,100000000000000
93	0,332623367340990	2,378522213066512	2,787803906445599	0,100000000000000
94	0,332623367340990	2,356757331729007	2,761684964540231	0,100000000000000
95	0,332623367340990	2,335450658419660	2,736115895096029	0,100000000000000
96	0,332623367340990	2,314587874137590	2,711079514598580	0,100000000000000
97	0,332623367340990	2,294155250356182	2,686559348132008	0,100000000000000
98	0,332623367340990	2,274139618896843	2,662539593225977	0,100000000000000
99	0,332623367340990	2,254528343628603	2,639005085893805	0,100000000000000
100	0,332623367340990	2,235309293865726	2,615941268708277	0,100000000000000
101	0,332623367340990	2,216470819345680	2,593334160773948	0,100000000000000
